8.124988675117492676e-01
8.229056596755981445e-01
7.426660060882568359e-01
7.225608229637145996e-01
7.072124481201171875e-01
7.273233532905578613e-01
7.421748638153076172e-01
6.916918158531188965e-01
6.813721656799316406e-01
6.268355846405029297e-01
7.084314227104187012e-01
6.831864714622497559e-01
6.629617214202880859e-01
6.645683050155639648e-01
6.279080510139465332e-01
6.236741542816162109e-01
6.492668986320495605e-01
5.589733123779296875e-01
5.910542607307434082e-01
5.734777450561523438e-01
5.968195199966430664e-01
6.390315890312194824e-01
5.004562139511108398e-01
6.556053757667541504e-01
6.385834217071533203e-01
5.763296484947204590e-01
5.910232663154602051e-01
6.427123546600341797e-01
5.878884792327880859e-01
6.897618174552917480e-01
5.621116757392883301e-01
5.984305143356323242e-01
6.858878135681152344e-01
5.960699319839477539e-01
4.609330892562866211e-01
5.720964670181274414e-01
6.362383365631103516e-01
5.591461062431335449e-01
6.039584875106811523e-01
5.779530405998229980e-01
6.069111824035644531e-01
6.069730520248413086e-01
6.060949563980102539e-01
6.233047246932983398e-01
6.180612444877624512e-01
5.935168266296386719e-01
6.488942503929138184e-01
6.342714428901672363e-01
6.240602135658264160e-01
6.258503794670104980e-01
6.889011263847351074e-01
5.889341831207275391e-01
5.832578539848327637e-01
5.745601654052734375e-01
5.595639348030090332e-01
5.527002811431884766e-01
5.857064723968505859e-01
6.955344080924987793e-01
6.629627346992492676e-01
6.368927955627441406e-01
6.284528970718383789e-01
5.471652746200561523e-01
5.615790486335754395e-01
6.049050688743591309e-01
5.839306116104125977e-01
4.936763346195220947e-01
5.870025753974914551e-01
5.929687619209289551e-01
5.989654660224914551e-01
5.672472119331359863e-01
5.014695525169372559e-01
6.737132072448730469e-01
5.697482228279113770e-01
5.905023813247680664e-01
5.600623488426208496e-01
6.353341341018676758e-01
5.261363983154296875e-01
5.384733080863952637e-01
6.237939596176147461e-01
6.216849684715270996e-01
6.447166204452514648e-01
6.129221320152282715e-01
5.774827599525451660e-01
5.863487124443054199e-01
6.477280259132385254e-01
6.400762200355529785e-01
6.076195836067199707e-01
6.379031538963317871e-01
6.069796085357666016e-01
6.806628704071044922e-01
6.149275898933410645e-01
5.739881992340087891e-01
5.537733435630798340e-01
6.009230613708496094e-01
6.273049712181091309e-01
6.033340692520141602e-01
5.567803382873535156e-01
5.896883010864257812e-01
5.084193348884582520e-01
6.479729413986206055e-01
