1.137703098493682979e-01
1.309869001873748343e-02
5.902925599510875244e-04
2.177193209968877622e-05
7.947796178115245460e-07
2.221850556872650121e-08
4.656512928921538259e-10
7.460001857673691915e-12
7.627631084164156845e-14
5.714652919963843495e-16
2.915077282947441240e-18
1.281988149020971796e-20
4.034703194176700417e-23
1.268304925441561197e-25
3.158488047112088848e-28
8.486916493174085611e-31
2.121857915943169090e-33
8.096564061687658526e-36
2.266853481193078335e-38
1.808842012097171490e-40
2.022892825402430132e-43
1.141130918558628598e-45
0.000000000000000000e+00
0.000000000000000000e+00
0.000000000000000000e+00
0.000000000000000000e+00
0.000000000000000000e+00
0.000000000000000000e+00
0.000000000000000000e+00
0.000000000000000000e+00
