8.911033662882716921e-01
5.416656456210395820e-01
3.805088698863983154e-01
2.891489123756235124e-01
2.314270726659080901e-01
1.940412598577412884e-01
1.687137244777245637e-01
1.507614951919425683e-01
1.379789904437281889e-01
1.271128246730023892e-01
1.200087214058095791e-01
1.131135031580925016e-01
1.078921726481480992e-01
1.040851769799536058e-01
1.004491741684350181e-01
9.714853587475688612e-02
9.498655477708037309e-02
9.248843856833197097e-02
9.060612910173157508e-02
8.855597586794332343e-02
8.676955117420717678e-02
8.555810580199414705e-02
8.396692404692823741e-02
8.293975896456025343e-02
8.263713046908378879e-02
8.094045316631144626e-02
8.023692443966864984e-02
7.900831360708585049e-02
7.859415439042176377e-02
7.750322161750360095e-02
7.649860084056855913e-02
7.594254951585423241e-02
7.542081590403210134e-02
7.513737143440679667e-02
7.475428960540078660e-02
7.352286272428251723e-02
7.316070117733694533e-02
7.300218425013801915e-02
7.243937358937480031e-02
7.176474850963462937e-02
7.166192819449035412e-02
7.092767059803009588e-02
7.085399820723316255e-02
7.051498602059753928e-02
7.047040848569437188e-02
6.997277384454553273e-02
6.899937760423530131e-02
6.910171014341440210e-02
6.866881302134555942e-02
6.841059432111003258e-02
6.852943575517697616e-02
6.771620664406906298e-02
6.778420138765464675e-02
6.666293801231817917e-02
6.658072908493604947e-02
6.632913787933911176e-02
6.589249446988106051e-02
6.583116328851743027e-02
6.527580723843792732e-02
6.526273892007089517e-02
6.518062556331807866e-02
6.445693942633541618e-02
6.438222463158044251e-02
6.446442292495208060e-02
6.372779858383263718e-02
6.328857646069743770e-02
6.359263980253175574e-02
6.302918216044252342e-02
6.302864148535511357e-02
6.221368102864784783e-02
6.261107037690552546e-02
6.210454919121481676e-02
6.179629147730090338e-02
6.159119060771032356e-02
6.149256385185501717e-02
6.120550585064020443e-02
6.019899926402352136e-02
6.054528206586837907e-02
6.047346757894211944e-02
5.994165990162978602e-02
6.045225662263956773e-02
5.970293727110732862e-02
5.959569073536179207e-02
5.902751887386496060e-02
5.878645618530836670e-02
5.873786292292855482e-02
5.817982788113031101e-02
5.808800865303387351e-02
5.746219466355714095e-02
5.767243975265459038e-02
5.761006958782671772e-02
5.736065513708375058e-02
5.746347274292599311e-02
5.703678832135415655e-02
5.661702911284836881e-02
5.629501806741411818e-02
5.636670826510949139e-02
5.612905384464696862e-02
5.574937787922945587e-02
5.531259646469897234e-02
