7.608415544033050315e-01
7.582872092723846880e-01
7.458193838596344216e-01
7.303581416606903520e-01
6.891129136085509810e-01
6.610960483551024947e-01
6.414125204086303933e-01
5.987285375595092773e-01
5.726646423339843972e-01
5.611881077289581077e-01
5.379113078117370161e-01
5.231093287467956099e-01
5.084744662046432051e-01
5.110232084989547729e-01
4.897373944520950206e-01
4.870629400014877541e-01
4.776881307363510243e-01
4.893117785453796609e-01
4.807900339365005493e-01
4.778356492519378884e-01
4.527828246355056763e-01
4.501569092273712269e-01
4.450353294610976951e-01
4.453642696142196544e-01
4.485071778297424205e-01
4.343085110187530629e-01
4.530592411756515503e-01
4.443022221326827781e-01
4.642035961151123047e-01
4.400019586086273415e-01
4.330766558647155540e-01
4.225689649581909069e-01
4.222481817007064930e-01
4.464324027299880759e-01
4.285298079252243264e-01
4.291411250829696433e-01
4.338796198368072288e-01
4.304275244474410900e-01
4.347644001245498657e-01
4.518265902996063121e-01
4.376411348581313865e-01
4.392076581716537476e-01
4.273012936115264671e-01
4.419049054384231456e-01
4.280391782522201538e-01
4.370057791471481101e-01
4.298363804817199596e-01
4.347077876329422108e-01
4.156096279621124268e-01
4.406166136264800803e-01
4.230247616767883190e-01
4.257744252681732178e-01
4.494614392518997414e-01
4.136244654655456543e-01
4.297021120786667092e-01
4.103815943002701028e-01
4.079338371753692405e-01
4.124245882034301980e-01
4.409082502126693837e-01
4.163691043853759988e-01
4.165576130151748546e-01
4.302501618862152322e-01
4.282860130071640126e-01
4.045246690511703491e-01
4.121815174818038718e-01
4.225589752197265736e-01
4.276944398880004883e-01
4.185525655746459850e-01
4.255604892969131470e-01
4.170658767223358043e-01
4.075254380702972301e-01
4.035919040441512951e-01
3.917795419692993164e-01
4.023170083761214988e-01
4.044669240713119618e-01
4.023623853921890481e-01
4.145441591739654763e-01
4.098395049571991189e-01
4.138874977827072255e-01
4.045631200075149314e-01
3.900246649980544933e-01
3.903462648391723411e-01
3.976631641387939342e-01
3.999491363763809093e-01
3.981540352106094360e-01
4.127571642398834006e-01
4.018038272857665794e-01
4.006809741258621216e-01
4.010716497898101918e-01
4.031400680541992188e-01
3.874332219362258689e-01
3.794480234384536854e-01
3.833481460809707864e-01
3.878280699253082164e-01
3.844139844179153553e-01
3.773629397153854259e-01
3.861798077821731456e-01
3.720930546522140392e-01
3.831217497587203757e-01
3.915204823017120472e-01
